#amp1, shift1, width1, amp2, shift2, width2
0.6  -8   30   0.50    40  20  #First row (left)
0.5   55  20   0.45   -35  30
0.5  -10  20   0.45    20  30
0.5  -15  20   0.45    70  20
0.5  -10  20   0.45    70  20
0.5   50  20   0.45    2   20
0.5   60  20   0.45   -20  20  #First row (right)
0.5   40 20   0.45   -2  20
0.5   40 20   0.45  -30  20    # Doesn't have a scaled gradient of 0 !!NEAT!!
0.5   60 20   0.45  -40  20
0.5   50 20   0.45  -35  20
0.5   70 20   0.45  -30  20
0.5   45 20   0.45  -15  20
0.5  -5  20   0.45    40 20
0.5  -12 20   0.45    45 20
0.5  -29 20   0.45    60 20
0.5  -30 20   0.45    70 20
0.5  -30 20   0.45    70 20
0.5  -28 20   0.45    65 20    # Doesn't have a scaled gradient of 0 !!NEAT!!
0.5   50 20   0.45   -35 20
0.5   50 20   0.45   -35 20
0.7   20 20   0.45   -30 20
0.5   40 20   0.45     0 20
0.5   20 20   0.45   240 20
0.5    5 20   0.45    23 20
0.5   -6 20   0.45    45 20
0.5  -20 20   0.45    65 20
