# time [JD], RV1 [km/s], error1 [km/s], RV2 [km/s], error2 [km/s]
#
2456559.722555400 32.93735 0.00000 -8.01396 0.00000
2456560.720288800 33.38411 0.00000 -9.22853 0.00000
2456584.631470900 -10.67738 0.00000 37.98706 0.00000
2456585.629976400 -21.91951 0.00000 50.02920 0.00000
2456757.892353100 14.14750 0.00000 -39.10541 0.00000
2456758.901706300 15.14071 0.00000 -41.00794 0.00000
2456760.905122800 29.26115 0.00000 -5.48796 0.00000
2456761.872224900 31.18909 0.00000 -4.52069 0.00000
2456762.868008400 31.30529 0.00000 -6.61466 0.00000
2456763.880532800 32.90462 0.00000 -7.47582 0.00000
2456783.834994400 18.19097 0.00000 -19.22688 0.00000
2456784.821338300 15.46221 0.00000 -28.99548 0.00000
2456785.824812900 13.48848 0.00000 -41.85504 0.00000
2456786.797825900 13.36202 0.00000 -39.90628 0.00000
2456787.808720500 6.88806 0.00000 45.23561 0.00000
2456788.842455900 -7.26604 0.00000 37.78764 0.00000
2456812.751311500 35.29723 0.00000 -10.04271 0.00000
2456814.754803900 34.91884 0.00000 -9.59587 0.00000
2456815.784850500 34.70887 0.00000 -9.45212 0.00000
2456816.765604800 35.80434 0.00000 -7.84357 0.00000
2456817.761309200 33.88469 0.00000 -8.41095 0.00000
2456818.763903300 32.99779 0.00000 -8.44887 0.00000
2456819.761536800 32.84495 0.00000 -7.00788 0.00000
2456820.755329600 30.96261 0.00000 -7.29560 0.00000
