#amp1, shift1, width1, amp2, shift2, width2
#
0.6  25 15  0.45  10 15 #[0]
0.6  40 15  0.45  18 15 #[1]
0.6  43 15  0.45  20 15 #[2]
0.6  -5 15  0.45  45 15 #[3]
0.6 -15 15  0.45  60 15 #[4]
0.6   0 15  0.45 -15 10 #[5]Fit fails
0.6   0 15  0.45 -10 10 #[6]Fit fails
0.6   5 15  0.45  20 10 #[7]
0.6   8 15  0.45  -8 15 #[8]
0.6  20 15  0.45 -22 15 #[9]
0.6  20 15  0.45 -15 15 #[10]
0.6  -5 15  0.45  10  5 #[11]Fit fails
0.6  10 15  0.45 -15 10 #[12]Fit fails
0.6   0 10  0.45  85 10 #[13]Fit fails
0.6  10 15  0.45 -10 10 #[14]Fit fails
0.6 -10 15  0.45   3 10 #[15]
0.6 -20 15  0.45  20 15 #[16]
0.6  30 15  0.45 -15 15 #[17]
0.6  20 15  0.45 -15 15 #[18]
0.6  25 15  0.45 -20 15 #[19]
0.6  20 15  0.45 -10 15 #[20]
0.6  20 15  0.45 -10 15 #[21]
0.6  20 15  0.45  -5 15 #[22]
0.6  20 15  0.45 -10 15 #[23]
0.6  20 15  0.45 -10 15 #[24]
