# time [JD], RV1 [km/s], error1 [km/s], RV2 [km/s], error2 [km/s]
#
2456557.732627100 31.58245 4.06837 -6.30204 4.65949
2456559.722555400 32.88308 3.53242 -8.04400 4.01339
2456560.720288800 33.33854 3.44660 -9.24914 4.04091
2456584.631470900 -10.68773 2.60270 37.94037 3.16414
2456585.629976400 -21.90456 2.87746 49.96715 1.93621
2456757.892353100 -38.24476 0.00000 14.22203 0.00000
2456758.901706300 1875.70691 0.00000 -2493.25301 0.00000
2456760.905122800 -5.71290 0.00000 29.05488 0.00000
2456761.872224900 31.02163 5.14574 -4.68513 7.18670
2456762.868008400 31.23518 3.98634 -6.66819 5.29402
2456763.880532800 32.83899 3.00836 -7.52008 3.95931
2456783.834994400 12.82168 3.89681 13.04920 1.74051
2456784.821338300 15.44724 0.00000 -28.97640 0.00000
2456785.824812900 12.54231 0.00000 78.94949 0.00000
2456786.797825900 -31.98996 0.00000 13.31484 0.00000
2456787.808720500 4.42035 0.00000 38.80838 0.00000
2456788.842455900 -7.29401 3.27563 37.72829 3.51153
2456812.751311500 35.23604 2.71110 -10.08144 3.71943
2456814.754803900 34.87488 3.31201 -9.62135 4.29136
2456815.784850500 34.66890 2.59539 -9.46992 3.16847
2456816.765604800 35.71780 3.06286 -7.90389 3.68338
2456817.761309200 33.83711 2.98141 -8.43951 4.02339
2456818.763903300 32.95013 3.19128 -8.48080 4.24657
2456819.761536800 32.79288 3.75518 -7.04259 5.09108
2456820.755329600 30.90691 3.22557 -7.33879 4.30782
